0.00
200.00
600.00
1400.00
1800.00
2200.00
2900.00
3300.00
3800.00
3800.00
4600.00
4900.00
5200.00
5000.00
5900.00
6000.00
6400.00
5900.00
6800.00
6900.00
7200.00
7300.00
6700.00
7600.00
7800.00
7900.00
7200.00
8100.00
8200.00
8400.00
7500.00
8500.00
8500.00
8700.00
8700.00
7900.00
8800.00
8900.00
9000.00
8100.00
9100.00
9100.00
9200.00
8200.00
9300.00
9200.00
9300.00
8400.00
9300.00
9300.00
9300.00
9400.00
8500.00
9400.00
9500.00
9500.00
8500.00
9500.00
9600.00
9500.00
8600.00
9600.00
9600.00
9600.00
8600.00
9600.00
9600.00
9500.00
9600.00
8700.00
9600.00
9700.00
9600.00
8700.00
9700.00
9600.00
9700.00
8700.00
9700.00
9700.00
9700.00
8700.00
9700.00
9700.00
9600.00
9700.00
8700.00
9600.00
9700.00
9600.00
8700.00
9700.00
9700.00
9700.00
8700.00
9700.00
9700.00
9800.00
9600.00
8800.00
