0.00
300.00
500.00
1300.00
1900.00
2200.00
2800.00
3500.00
3800.00
3800.00
4600.00
4900.00
5300.00
5000.00
5800.00
6100.00
6300.00
5900.00
6700.00
6900.00
7100.00
7200.00
6700.00
7600.00
7700.00
7800.00
7100.00
8000.00
8100.00
8200.00
7500.00
8400.00
8500.00
8500.00
8700.00
7800.00
8700.00
8800.00
8800.00
8000.00
8900.00
9000.00
9000.00
8100.00
9100.00
9100.00
9100.00
8200.00
9200.00
9200.00
9200.00
9200.00
8400.00
9300.00
9300.00
9300.00
8400.00
9400.00
9400.00
9300.00
8400.00
9400.00
9400.00
9300.00
8500.00
9400.00
9400.00
9500.00
9500.00
8500.00
9500.00
9500.00
9400.00
8500.00
9500.00
9500.00
9400.00
8600.00
9400.00
9500.00
9500.00
8600.00
9500.00
9500.00
9500.00
9600.00
8600.00
9500.00
9600.00
9500.00
8600.00
9600.00
9600.00
9500.00
8600.00
9600.00
9500.00
9600.00
9500.00
8600.00
