0.00
300.00
700.00
1400.00
1900.00
2300.00
2900.00
3500.00
3900.00
3800.00
4700.00
4900.00
5300.00
5100.00
5800.00
6100.00
6400.00
5900.00
6800.00
7000.00
7200.00
7300.00
6700.00
7600.00
7800.00
7800.00
7200.00
8100.00
8300.00
8300.00
7600.00
8500.00
8500.00
8700.00
8600.00
7900.00
8800.00
8900.00
9000.00
8100.00
9000.00
9100.00
9100.00
8200.00
9200.00
9200.00
9300.00
8400.00
9300.00
9300.00
9400.00
9400.00
8500.00
9400.00
9400.00
9500.00
8500.00
9500.00
9500.00
9500.00
8500.00
9600.00
9500.00
9600.00
8600.00
9500.00
9600.00
9700.00
9600.00
8600.00
9700.00
9600.00
9700.00
8600.00
9700.00
9600.00
9600.00
8700.00
9600.00
9700.00
9600.00
8700.00
9600.00
9700.00
9600.00
9700.00
8700.00
9600.00
9700.00
9700.00
8700.00
9700.00
9700.00
9600.00
8800.00
9600.00
9600.00
9700.00
9600.00
8700.00
