0.00
200.00
400.00
1200.00
1800.00
2100.00
2800.00
3400.00
3700.00
3800.00
4500.00
5000.00
5200.00
5000.00
5800.00
6100.00
6300.00
5900.00
6800.00
6900.00
7100.00
7300.00
6800.00
7600.00
7800.00
7800.00
7200.00
8100.00
8200.00
8300.00
7500.00
8500.00
8600.00
8600.00
8700.00
7800.00
8800.00
8900.00
8900.00
8100.00
9000.00
9000.00
9100.00
8300.00
9200.00
9200.00
9300.00
8300.00
9300.00
9300.00
9300.00
9300.00
8400.00
9400.00
9400.00
9400.00
8500.00
9400.00
9500.00
9500.00
8600.00
9500.00
9600.00
9500.00
8600.00
9600.00
9500.00
9600.00
9500.00
8600.00
9500.00
9600.00
9600.00
8600.00
9600.00
9700.00
9600.00
8600.00
9600.00
9600.00
9600.00
8700.00
9600.00
9600.00
9600.00
9600.00
8600.00
9700.00
9600.00
9600.00
8700.00
9600.00
9600.00
9700.00
8600.00
9700.00
9600.00
9600.00
9700.00
8700.00
