0.00
300.00
300.00
1200.00
1700.00
2000.00
2700.00
3300.00
3600.00
3700.00
4500.00
4800.00
5100.00
4900.00
5700.00
6000.00
6200.00
5800.00
6600.00
6800.00
7100.00
7200.00
6600.00
7500.00
7700.00
7800.00
7100.00
8000.00
8100.00
8200.00
7500.00
8400.00
8500.00
8600.00
8700.00
7800.00
8700.00
8800.00
8800.00
8000.00
9000.00
9000.00
9100.00
8200.00
9100.00
9200.00
9200.00
8300.00
9200.00
9300.00
9300.00
9300.00
8400.00
9400.00
9300.00
9400.00
8500.00
9400.00
9400.00
9400.00
8500.00
9500.00
9500.00
9500.00
8500.00
9500.00
9600.00
9500.00
9500.00
8600.00
9500.00
9600.00
9500.00
8600.00
9600.00
9500.00
9500.00
8600.00
9500.00
9600.00
9500.00
8700.00
9600.00
9600.00
9600.00
9500.00
8600.00
9500.00
9600.00
9500.00
8600.00
9600.00
9600.00
9600.00
8600.00
9600.00
9600.00
9600.00
9600.00
8600.00
